return model =
  name: 'Death_Star'
  level: 7.9
  model: 1
  size: 90
  specs:
    shield:
      capacity: [750000,750000]
      reload: [1500,1500]
    generator:
      capacity: [33000,33000]
      reload: [150,150]
    ship:
      mass: 70000
      speed: [45,45]
      rotation: [5,5]
      acceleration: [150,150]
  bodies:
   main:
    ball_1:
      section_segments:64
      angle:-30
      offset:
        x:0
        y:0
        z:0
      position:
        x:[0,0,0,0,0,0,0,0,0,0,0,0,0,0,0,0,0,0,0,0,0,0,0,0,0,0,0,0,0]
        y:[-28.4,-26,-24,-22,-20,-18,-16,-14,-12.4,-9.6000000000000001,-8,-6,-4,-1,0,1,4,6,8,10,12,14,16,18,20,22,24,26,27.700000000000003]
        z:[0,0,0,0,0,0,0,0,0,0,0,0,0,0,0,0,0,0,0,0,0,0,0,0,0,0,0,0,0]
      width:[0,10.4,14.4,17,19.6,21.6,23.1,24.4,25.20000000000003,26.4,26.7,27.200000000000003,27.5,27.7,26.92,26.92,26.6,27.200000000000003,26.8,26,25.200000000000003,24,22.8,21.3,19.5,17.2,14.4,10.4,0]
      height:[0,10.4,14.4,17.2,19.6,21.6,22.8,24,25.200000000000003,26,26.8,27.200000000000003,27.6,27.92,28,27.26,26.6,27.200000000000003,26.8,26,25.200000000000003,24,22.8,21.6,19.6,17.2,14.4,10.4,0]
      texture:[8,8,8,8,8,8,8,8,8,8,8,8,8,8,8,18,8]
      vertical:true
  bodies:
    ball_2:
      section_segments:64
      angle:-30
      offset:
        x:0
        y:0
        z:0
      position:
        x:[0,0,0,0,0,0,0,0,0,0,0,0,0,0,0,0,0,0,0,0,0,0,0,0,0,0,0,0,0]
        y:[-28.4,-26,-24,-22,-20,-18,-16,-14,-12.4,-9.6000000000000001,-8,-6,-4,-1,0,1,4,6,8,10,12,14,16,18,20,22,24,26,27.700000000000003]
        z:[0,0,0,0,0,0,0,0,0,0,0,0,0,0,0,0,0,0,0,0,0,0,0,0,0,0,0,0,0]
      width:[0,10.4,14.4,17,19.6,21.6,23.1,24.4,25.20000000000003,26.4,26.7,27.200000000000003,27.5,27.7,26.92,26.92,26.6,27.200000000000003,26.8,26,25.200000000000003,24,22.8,21.3,19.5,17.2,14.4,10.4,0]
      height:[0,10.4,14.4,17.2,19.6,21.6,22.8,24,25.200000000000003,26,26.8,27.200000000000003,27.6,27.92,28,27.26,26.6,27.200000000000003,26.8,26,25.200000000000003,24,22.8,21.6,19.6,17.2,14.4,10.4,0]
      texture:[8,8,8,8,8,8,8,8,8,8,8,8,8,8,8,18,8]
      vertical:true
     Superlaser:
      section_segments: 20
      offset:
        x: 0
        y: 0
        z: 3
      position:
        x: [0,0,0,0]
        y: [-28,-29,-22,0]
        z: [0,0,0,0]
      width: [0,6,6,6]
      height: [0,6,6,6]
      texture: [12,16,8,10]
      vertical:false
      angle:110
      laser:
        damage: [10,10]
        rate: 1
        type: 1
        speed: [100,100]
        number: 200
        error: 0
        recoil: 1
     Superlaser2:
      section_segments: 20
      offset:
        x: 0
        y: 0
        z: 3
      position:
        x: [0,0,0,0]
        y: [-140,-140,-140,0]
        z: [0,0,0,0]
      width: [0,0.3,0.3,0.3]
      height: [0,0.3,0.3,0.3]
      texture: [17,17,17,10]
      vertical:false
      angle:110
     Superlaser3:
      section_segments: 20
      offset:
        x: 0
        y: 0
        z: 3
      position:
        x: [8,7.6,-4,0]
        y: [-39,-39,-22,0]
        z: [0,0,0,0]
      width: [0,0.3,0.3,0.3]
      height: [0,0.3,0.3,0.3]
      texture: [17,17,17,10]
      vertical:false
      angle:121
     Superlaser4:
      section_segments: 20
      offset:
        x: 0
        y: -0.3
        z: 3
      position:
        x: [7,6.6,10.5,0]
        y: [-39.3,-39.1,-22,0]
        z: [0,0,0,0]
      width: [0,0.3,0.3,0.3]
      height: [0,0.3,0.3,0.3]
      texture: [17,17,17,10]
      vertical:false
      angle:120
     Superlaser5:
      section_segments: 20
      offset:
        x: 0
        y: 0
        z: 10
      position:
        x: [0,0,0,0]
        y: [-33,-39.1,-22,0]
        z: [-7,-7,0,0]
      width: [0,0.3,0.3,0.3]
      height: [0,0.3,0.3,0.3]
      texture: [17,17,17,10]
      vertical:false
      angle:110
     Superlaser6:
      section_segments: 20
      offset:
        x: 0
        y: 0
        z: -4
      position:
        x: [0,0,0,0]
        y: [-33,-39.1,-22,0]
        z: [4,7,0,0]
      width: [0,0.3,0.3,0.3]
      height: [0,0.3,0.3,0.3]
      texture: [17,17,17,10]
      vertical:false
      angle:110


